  7.9833334894e-05
  8.1372629211e-05
  8.3055594587e-05
  8.4839608462e-05
  8.6658401415e-05
  8.8361215603e-05
  8.9769280748e-05
  9.0801142505e-05
  9.1451132903e-05
  9.1744303063e-05
  9.1757130576e-05
  9.1551155492e-05
  9.1232570412e-05
  9.0865301900e-05
  9.0498157078e-05
  9.0004577942e-05
  8.9236797066e-05
  8.8262502686e-05
  8.7406901002e-05
  8.7075030024e-05
  8.7462023657e-05
  8.8485146989e-05
  9.0011955763e-05
  9.1870606411e-05
  9.3894494057e-05
  9.6048097475e-05
  9.8515512946e-05
  1.0143739928e-04
  1.0457319149e-04
  1.0753346578e-04
  1.1009228183e-04
  1.1222216563e-04
  1.1390967120e-04
  1.1506966985e-04
  1.1576712859e-04
  1.1616555275e-04
  1.1635215924e-04
  1.1636364798e-04
  1.1629413348e-04
  1.1617322161e-04
  1.1606010230e-04
  1.1598566198e-04
  1.1607346096e-04
  1.1667015497e-04
  1.1800009815e-04
  1.2006530596e-04
  1.2269712170e-04
  1.2572928972e-04
  1.2912857346e-04
  1.3290406787e-04
  1.3707287144e-04
  1.4154228847e-04
  1.4608354832e-04
  1.5050735965e-04
  1.5466366312e-04
  1.5850317141e-04
  1.6196748766e-04
  1.6522227088e-04
  1.6852580302e-04
  1.7200826551e-04
  1.7548412143e-04
  1.7896591453e-04
  1.8235971220e-04
  1.8554599956e-04
  1.8853970687e-04
  1.9161225646e-04
  1.9496798632e-04
  1.9868936215e-04
  2.0275324641e-04
  2.0738408784e-04
  2.1280586952e-04
  2.1903257584e-04
  2.2627109138e-04
  2.3451588640e-04
  2.4352780019e-04
  2.5286973687e-04
  2.6243209140e-04
  2.7222733479e-04
  2.8197382926e-04
  2.9116449878e-04
  2.9963566340e-04
  3.0706176767e-04
  3.1365387258e-04
  3.1944492366e-04
  3.2473658212e-04
  3.2998717506e-04
  3.3534265822e-04
  3.4091970883e-04
  3.4757130197e-04
  3.5619133268e-04
  3.6845775321e-04
  3.8476131158e-04
  4.0471344255e-04
  4.2712196591e-04
  4.5102194417e-04
  4.7682199511e-04
  5.0519406796e-04
  5.3762609605e-04
  5.7560490677e-04
  6.1984406784e-04
  6.7122327164e-04
  7.2935374919e-04
  7.9335441114e-04
  8.6259230739e-04
  9.3554693740e-04
  1.0109230643e-03
  1.0877030436e-03
  1.1667342624e-03
  1.2510002125e-03
  1.3421688927e-03
  1.4430774609e-03
  1.5561433975e-03
  1.6851393739e-03
  1.8325682031e-03
  2.0000825170e-03
  2.1887857001e-03
  2.3929784074e-03
  2.6095495559e-03
  2.8408083599e-03
  3.0984182376e-03
  3.3919550478e-03
  3.7192408927e-03
  4.0625133552e-03
  4.3990621343e-03
  4.7086435370e-03
  4.9720467068e-03
  5.1847244613e-03
  5.3695705719e-03
  5.5632642470e-03
  5.7917251252e-03
  6.0542640276e-03
  6.3687334768e-03
  6.7667099647e-03
  7.3047936894e-03
  8.0128693953e-03
  8.8798049837e-03
  9.8379068077e-03
  1.0802187957e-02
  1.1721515097e-02
  1.2616110966e-02
  1.3558806852e-02
  1.4663309790e-02
  1.5994133428e-02
  1.7536763102e-02
  1.9188420847e-02
  2.0920855924e-02
  2.3010158911e-02
  2.5842277333e-02
  2.9748082161e-02
  3.4620631486e-02
  3.9959382266e-02
  4.5296374708e-02
  5.0314176828e-02
  5.5185928941e-02
  6.0770835727e-02
  6.9242209196e-02
  8.3523139358e-02
  1.0683677346e-01
  1.4464050531e-01
  2.0052178204e-01
  2.8385156393e-01
  3.9327487350e-01
  5.3319180012e-01
  7.0399528742e-01
  8.7876868248e-01
  9.9611699581e-01
  9.9736225605e-01
  8.8821566105e-01
  7.2790056467e-01
  5.7059168816e-01
  4.3811258674e-01
  3.2651925087e-01
  2.3916061223e-01
  1.7354565859e-01
  1.2658613920e-01
  9.4825953245e-02
  7.4301607907e-02
  6.2088403851e-02
  5.4678369313e-02
  4.9508169293e-02
  4.5172445476e-02
  4.0747687221e-02
  3.5893302411e-02
  3.0954364687e-02
  2.6593398303e-02
  2.3396523669e-02
  2.1399198100e-02
  2.0223882049e-02
  1.9376270473e-02
  1.8495572731e-02
  1.7363874242e-02
  1.5941539779e-02
  1.4346168377e-02
  1.2677542865e-02
  1.1029686779e-02
  9.4906277955e-03
  8.1423362717e-03
  7.0209633559e-03
  6.1051840894e-03
  5.3745862097e-03
  4.7959014773e-03
  4.3363329023e-03
  3.9646225050e-03
  3.6488953047e-03
  3.3629203681e-03
  3.0877285171e-03
  2.8181376401e-03
  2.5551379658e-03
  2.3107074667e-03
  2.0949931350e-03
  1.9058482721e-03
  1.7330007395e-03
  1.5700821532e-03
  1.4198330464e-03
  1.2901959708e-03
  1.1851751478e-03
  1.1056695366e-03
  1.0464724619e-03
  1.0015122825e-03
  9.6369482344e-04
  9.2812848743e-04
  8.9181051590e-04
  8.5333996685e-04
  8.1394944573e-04
  7.7479984611e-04
  7.3695497122e-04
  7.0070679067e-04
  6.6596997203e-04
  6.3298764871e-04
  6.0109462356e-04
  5.7049811585e-04
  5.4076418746e-04
  5.1176070701e-04
  4.8331671860e-04
  4.5590125956e-04
  4.3082100456e-04
  4.0863413597e-04
  3.8938131183e-04
  3.7271706969e-04
  3.5812373972e-04
  3.4524311195e-04
  3.3388959127e-04
  3.2415284659e-04
  3.1555644819e-04
  3.0794553459e-04
  3.0124493060e-04
  2.9569983599e-04
  2.9093713965e-04
  2.8635567287e-04
  2.8129733982e-04
  2.7531501837e-04
  2.6862631785e-04
  2.6173866354e-04
  2.5501567870e-04
  2.4846754968e-04
  2.4191007833e-04
  2.3527885787e-04
  2.2825589986e-04
  2.2062912467e-04
  2.1268591809e-04
  2.0514416974e-04
  1.9833649276e-04
  1.9216752844e-04
  1.8629142141e-04
  1.8060691946e-04
  1.7514641513e-04
  1.7027757713e-04
  1.6615648929e-04
  1.6269118350e-04
  1.5967751096e-04
  1.5708086721e-04
  1.5507513308e-04
  1.5355390497e-04
  1.5218324552e-04
  1.5072329552e-04
  1.4902670227e-04
  1.4707910304e-04
  1.4470942551e-04
  1.4198863937e-04
  1.3886674424e-04
  1.3532223238e-04
  1.3136728376e-04
  1.2712689932e-04
  1.2278502982e-04
  1.1847990390e-04
  1.1442577670e-04
  1.1083870049e-04
  1.0791318346e-04
  1.0574122280e-04
  1.0425652727e-04
  1.0341012239e-04
  1.0305058095e-04
  1.0316025146e-04
  1.0371238750e-04
  1.0460296471e-04
  1.0571392340e-04
  1.0688229668e-04
  1.0797114373e-04
  1.0873308929e-04
  1.0892542923e-04
  1.0844840290e-04
  1.0732452211e-04
  1.0569208825e-04
  1.0367174400e-04
  1.0145561828e-04
  9.9156575743e-05
  9.6843563369e-05
  9.4557020930e-05
  9.2339927505e-05
  9.0226603788e-05
  8.8238070020e-05
  8.6413077952e-05
  8.4883446107e-05
  8.3779028500e-05
  8.3332808572e-05
  8.3601342340e-05
  8.4585823060e-05
  8.5937288532e-05
  8.7271888333e-05
  8.8289372798e-05
  8.8974680693e-05
  8.9543755166e-05
  9.0132874902e-05
  9.0685927717e-05
  9.1091496870e-05
  9.1041751148e-05
  9.0353198175e-05
  8.8916764071e-05
  8.6927262601e-05
  8.4697290731e-05
  8.2519058196e-05
