8.0001525930e-05
8.1536491052e-05
8.3170860307e-05
8.4858664195e-05
8.6549916887e-05
8.8117834821e-05
8.9409033535e-05
9.0366040240e-05
9.0994646598e-05
9.1310357675e-05
9.1371199233e-05
9.1227411758e-05
9.0978937806e-05
9.0681838628e-05
9.0380468464e-05
8.9955283329e-05
8.9265566203e-05
8.8369277364e-05
8.7574240752e-05
8.7267741037e-05
8.7635839009e-05
8.8597866124e-05
9.0033681772e-05
9.1797897767e-05
9.3748269137e-05
9.5852105005e-05
9.8279102531e-05
1.0115159967e-04
1.0423371714e-04
1.0714686505e-04
1.0968235438e-04
1.1182706658e-04
1.1356588220e-04
1.1478960369e-04
1.1553576769e-04
1.1596568947e-04
1.1618500139e-04
1.1624082254e-04
1.1622130114e-04
1.1614798859e-04
1.1607648776e-04
1.1603382154e-04
1.1613281094e-04
1.1670929234e-04
1.1798777996e-04
1.1998323316e-04
1.2254621834e-04
1.2552893895e-04
1.2890089420e-04
1.3266225869e-04
1.3680648408e-04
1.4122440189e-04
1.4570255007e-04
1.5008091577e-04
1.5423270816e-04
1.5811534831e-04
1.6165223497e-04
1.6497813340e-04
1.6831360699e-04
1.7177782138e-04
1.7521539121e-04
1.7867141287e-04
1.8207989342e-04
1.8532435934e-04
1.8839848053e-04
1.9154009351e-04
1.9491465355e-04
1.9860595057e-04
2.0261442114e-04
2.0720961038e-04
2.1263011149e-04
2.1888717311e-04
2.2614408226e-04
2.3436537595e-04
2.4329657026e-04
2.5252616615e-04
2.6197073748e-04
2.7166836662e-04
2.8138188645e-04
2.9065020499e-04
2.9930492747e-04
3.0697768671e-04
3.1377104460e-04
3.1966750976e-04
3.2495171763e-04
3.3014340443e-04
3.3547417843e-04
3.4110632259e-04
3.4785401658e-04
3.5651461803e-04
3.6867315066e-04
3.8477499038e-04
4.0456670104e-04
4.2699000915e-04
4.5108716586e-04
4.7713698586e-04
5.0568243023e-04
5.3811521502e-04
5.7591806399e-04
6.1988033121e-04
6.7097344436e-04
7.2885566624e-04
7.9268909758e-04
8.6187373381e-04
9.3495106557e-04
1.0106310947e-03
1.0878127068e-03
1.1672232067e-03
1.2517370051e-03
1.3430248946e-03
1.4439983061e-03
1.5570330434e-03
1.6858467134e-03
1.8328784499e-03
1.9998094067e-03
2.1880310960e-03
2.3922531400e-03
2.6093234774e-03
2.8410612140e-03
3.0984270852e-03
3.3913212828e-03
3.7183614913e-03
4.0624397807e-03
4.4004088268e-03
4.7118538059e-03
4.9774679355e-03
5.1919110119e-03
5.3769992664e-03
5.5692140013e-03
5.7956608944e-03
6.0575753450e-03
6.3716340810e-03
6.7694000900e-03
7.3052691296e-03
8.0112461001e-03
8.8767604902e-03
9.8364716396e-03
1.0803735815e-02
1.1726490222e-02
1.2622714974e-02
1.3564337045e-02
1.4664641581e-02
1.5992116183e-02
1.7536176369e-02
1.9198223948e-02
2.0943073556e-02
2.3042613640e-02
2.5880757719e-02
2.9791442677e-02
3.4676905721e-02
4.0035728365e-02
4.5395035297e-02
5.0431698561e-02
5.5315416306e-02
6.0906294733e-02
6.9386772811e-02
8.3692803979e-02
1.0704942793e-01
1.4493171871e-01
2.0093972981e-01
2.8446525335e-01
3.9404067397e-01
5.3400039673e-01
7.0475512743e-01
8.7937295437e-01
9.9634540081e-01
9.9703258276e-01
8.8745343685e-01
7.2709679604e-01
5.7004016638e-01
4.3788239360e-01
3.2653763890e-01
2.3935937881e-01
1.7381767929e-01
1.2683793902e-01
9.5038607717e-02
7.4499338865e-02
6.2262549996e-02
5.4817393422e-02
4.9598790705e-02
4.5212548226e-02
4.0737736970e-02
3.5851411521e-02
3.0913375318e-02
2.6578724384e-02
2.3415273055e-02
2.1438628435e-02
2.0270023495e-02
1.9420087337e-02
1.8530249596e-02
1.7385877669e-02
1.5949681401e-02
1.4341278933e-02
1.2662069872e-02
1.1006505229e-02
9.4650788233e-03
8.1192832440e-03
7.0034009404e-03
6.0941935517e-03
5.3687277250e-03
4.7935904004e-03
4.3357112445e-03
3.9643347263e-03
3.6479979753e-03
3.3606931102e-03
3.0838605016e-03
2.8130358551e-03
2.5498433970e-03
2.3062694818e-03
2.0913607441e-03
1.9022522029e-03
1.7290314427e-03
1.5662236838e-03
1.4168206835e-03
1.2885147007e-03
1.1848829454e-03
1.1064235587e-03
1.0478083277e-03
1.0029136902e-03
9.6475379542e-04
9.2856900301e-04
8.9159281924e-04
8.5265602684e-04
8.1302551553e-04
7.7375263209e-04
7.3579611490e-04
6.9945829455e-04
6.6471309401e-04
6.3179217977e-04
6.0000020312e-04
5.6945532560e-04
5.3973484319e-04
5.1073491341e-04
4.8234168207e-04
4.5502235298e-04
4.3006308260e-04
4.0803948650e-04
3.8900997606e-04
3.7261444959e-04
3.5825136001e-04
3.4545865492e-04
3.3404832357e-04
3.2417813782e-04
3.1549477717e-04
3.0789370066e-04
3.0126146157e-04
2.9577451642e-04
2.9100311804e-04
2.8634161572e-04
2.8114285669e-04
2.7500605211e-04
2.6820212952e-04
2.6128717582e-04
2.5462626945e-04
2.4817581289e-04
2.4169968674e-04
2.3510005849e-04
2.2807545611e-04
2.2043409990e-04
2.1247482800e-04
2.0492677868e-04
1.9812438404e-04
1.9197387155e-04
1.8611727864e-04
1.8042995362e-04
1.7493529595e-04
1.7000848311e-04
1.6583806428e-04
1.6235918156e-04
1.5937541320e-04
1.5682454978e-04
1.5484426694e-04
1.5331487521e-04
1.5191739658e-04
1.5042646555e-04
1.4869839652e-04
1.4672010730e-04
1.4431843010e-04
1.4156410180e-04
1.3841067266e-04
1.3484469673e-04
1.3089271670e-04
1.2668356067e-04
1.2240521028e-04
1.1819387873e-04
1.1424147669e-04
1.1074209033e-04
1.0787445353e-04
1.0573744657e-04
1.0427825327e-04
1.0345258488e-04
1.0311412188e-04
1.0323784227e-04
1.0378698789e-04
1.0464520165e-04
1.0569168808e-04
1.0677937826e-04
1.0779154400e-04
1.0849524551e-04
1.0864538490e-04
1.0813496920e-04
1.0698341066e-04
1.0532987653e-04
1.0330184887e-04
1.0109172581e-04
9.8815515230e-05
9.6540308732e-05
9.4304319646e-05
9.2150323326e-05
9.0109111625e-05
8.8196575234e-05
8.6442101747e-05
8.4969346062e-05
8.3910854300e-05
8.3489983808e-05
8.3751285274e-05
8.4683953901e-05
8.5956591647e-05
8.7208354671e-05
8.8155298727e-05
8.8775959739e-05
8.9281296823e-05
8.9806781034e-05
9.0309120424e-05
9.0681889560e-05
9.0626614110e-05
8.9963519713e-05
8.8583939942e-05
8.6667467258e-05
8.4508974396e-05
8.2382619439e-05
