7.9160563473e-05
8.0717167293e-05
8.2594524429e-05
8.4763385530e-05
8.7092354079e-05
8.9334746008e-05
9.1210269602e-05
9.2541537015e-05
9.3277099950e-05
9.3480077339e-05
9.3300855951e-05
9.2846137704e-05
9.2247093562e-05
9.1599162261e-05
9.0968911536e-05
9.0201749117e-05
8.9121727797e-05
8.7835403974e-05
8.6737542006e-05
8.6304171418e-05
8.6766747700e-05
8.8034285000e-05
8.9925059001e-05
9.2161433713e-05
9.4479415566e-05
9.6832060080e-05
9.9461154605e-05
1.0258059774e-04
1.0593107436e-04
1.0907986871e-04
1.1173198436e-04
1.1380255455e-04
1.1528481264e-04
1.1618992721e-04
1.1669257947e-04
1.1696502042e-04
1.1702078336e-04
1.1685496429e-04
1.1658547737e-04
1.1627413915e-04
1.1599456047e-04
1.1579303828e-04
1.1583604646e-04
1.1651359091e-04
1.1804938549e-04
1.2039360445e-04
1.2330069148e-04
1.2653069280e-04
1.3003924687e-04
1.3387127547e-04
1.3813839178e-04
1.4281379117e-04
1.4760749764e-04
1.5221314970e-04
1.5638743935e-04
1.6005450743e-04
1.6322849842e-04
1.6619884991e-04
1.6937463079e-04
1.7293001292e-04
1.7655904230e-04
1.8014390662e-04
1.8347897276e-04
1.8643258954e-04
1.8910461222e-04
1.9190092280e-04
1.9518128829e-04
1.9902299391e-04
2.0330853295e-04
2.0808198315e-04
2.1350888710e-04
2.1961417224e-04
2.2677912784e-04
2.3511795735e-04
2.4445276358e-04
2.5424407795e-04
2.6427741977e-04
2.7446314925e-04
2.8434160049e-04
2.9322161572e-04
3.0095854891e-04
3.0739800422e-04
3.1318521360e-04
3.1855466659e-04
3.2387604006e-04
3.2936222851e-04
3.3481649007e-04
3.4017322469e-04
3.4644041443e-04
3.5489810398e-04
3.6759619252e-04
3.8470662548e-04
4.0530046681e-04
4.2764970567e-04
4.5076114475e-04
4.7556206118e-04
5.0324050244e-04
5.3566973656e-04
5.7435227791e-04
6.1969907256e-04
6.7222275538e-04
7.3134613922e-04
7.9601584002e-04
8.6546648527e-04
9.3793054111e-04
1.0120907100e-03
1.0872643907e-03
1.1647787178e-03
1.2480528094e-03
1.3387447689e-03
1.4393937308e-03
1.5525848139e-03
1.6823098995e-03
1.8313269829e-03
2.0011749584e-03
2.1918045823e-03
2.3958790116e-03
2.6104538701e-03
2.8397974093e-03
3.0983833130e-03
3.3944901079e-03
3.7227584980e-03
4.0628081188e-03
4.3936758302e-03
4.6958010644e-03
4.9503608607e-03
5.1559777930e-03
5.3398543969e-03
5.5394642986e-03
5.7759834453e-03
6.0410173610e-03
6.3571319915e-03
6.7559485324e-03
7.3028914630e-03
8.0193625763e-03
8.8919857517e-03
9.8436474800e-03
1.0795999318e-02
1.1701614596e-02
1.2589694932e-02
1.3536685146e-02
1.4657981694e-02
1.6002200544e-02
1.7539108172e-02
1.9149206579e-02
2.0831981674e-02
2.2880341858e-02
2.5688355789e-02
2.9574636370e-02
3.4395541996e-02
3.9654009044e-02
4.4901732355e-02
4.9844101071e-02
5.4667986929e-02
6.0228995979e-02
6.8663939834e-02
8.2844480872e-02
1.0598614067e-01
1.4347568154e-01
1.9884999096e-01
2.8139674664e-01
3.9021158218e-01
5.2995747328e-01
7.0095604658e-01
8.7635159492e-01
9.9520331621e-01
9.9868112803e-01
8.9126449823e-01
7.3111552000e-01
5.7279765606e-01
4.3903332949e-01
3.2644569874e-01
2.3836553097e-01
1.7245753109e-01
1.2557895482e-01
9.3975335360e-02
7.3510691524e-02
6.1391826719e-02
5.4122269154e-02
4.9145694822e-02
4.5012030751e-02
4.0787499398e-02
3.6060873419e-02
3.1118316576e-02
2.6652093977e-02
2.3321522400e-02
2.1241482347e-02
2.0039314404e-02
1.9201006740e-02
1.8356868997e-02
1.7275858670e-02
1.5908973292e-02
1.4365727082e-02
1.2739432044e-02
1.1122411117e-02
9.5928264782e-03
8.2345521078e-03
7.0912134834e-03
6.1491471715e-03
5.3980215453e-03
4.8051448539e-03
4.3388186023e-03
3.9657726884e-03
3.6524841562e-03
3.3718289342e-03
3.1032010447e-03
2.8385445476e-03
2.5763164740e-03
2.3284587078e-03
2.1095229313e-03
1.9202328986e-03
1.7488780431e-03
1.5855162637e-03
1.4318824979e-03
1.2969208183e-03
1.1863440741e-03
1.1026532156e-03
1.0411289986e-03
9.9590676837e-04
9.5945905196e-04
9.2636630870e-04
8.9268118609e-04
8.5607555229e-04
8.1764510833e-04
7.7898864402e-04
7.4159033829e-04
7.0570089156e-04
6.7099754233e-04
6.3776952447e-04
6.0547242174e-04
5.7466927683e-04
5.4488168098e-04
5.1586399786e-04
4.8721689382e-04
4.5941688586e-04
4.3385269237e-04
4.1101282113e-04
3.9086665493e-04
3.7312757922e-04
3.5761322943e-04
3.4438094008e-04
3.3325460390e-04
3.2405173988e-04
3.1580319046e-04
3.0815284117e-04
3.0117877759e-04
2.9540114338e-04
2.9067328433e-04
2.8641193057e-04
2.8191521415e-04
2.7655082522e-04
2.7032301296e-04
2.6354467263e-04
2.5657322840e-04
2.4963438045e-04
2.4275164469e-04
2.3599401175e-04
2.2897763120e-04
2.2140926740e-04
2.1353026386e-04
2.0601374854e-04
1.9918495673e-04
1.9294219965e-04
1.8698799249e-04
1.8131475372e-04
1.7599084822e-04
1.7135395319e-04
1.6743018932e-04
1.6401917674e-04
1.6088588745e-04
1.5810610785e-04
1.5599855396e-04
1.5451002400e-04
1.5324664128e-04
1.5191060083e-04
1.5033993986e-04
1.4851511514e-04
1.4627340715e-04
1.4368681877e-04
1.4069100143e-04
1.3723238953e-04
1.3326552289e-04
1.2890023936e-04
1.2430432253e-04
1.1962399003e-04
1.1516299128e-04
1.1122512660e-04
1.0806810315e-04
1.0575634224e-04
1.0416963778e-04
1.0324027971e-04
1.0279643175e-04
1.0284988093e-04
1.0341399320e-04
1.0443401698e-04
1.0580287199e-04
1.0729395581e-04
1.0868954996e-04
1.0968446441e-04
1.1004560656e-04
1.0970211588e-04
1.0868896788e-04
1.0714094969e-04
1.0515133908e-04
1.0291118087e-04
1.0052081052e-04
9.8056589195e-05
9.5567804237e-05
9.3098336947e-05
9.0696586994e-05
8.8404034614e-05
8.6296968220e-05
8.4539846284e-05
8.3251739852e-05
8.2704093074e-05
8.3001556050e-05
8.4193314251e-05
8.5860068793e-05
8.7526022980e-05
8.8825690909e-05
8.9769564511e-05
9.0593581263e-05
9.1437250376e-05
9.2193149612e-05
9.2729947937e-05
9.2702292022e-05
9.1911890195e-05
9.0248053311e-05
8.7966465799e-05
8.5450548795e-05
8.3064835053e-05
