8.0085621448e-05
8.1618425611e-05
8.3228493168e-05
8.4868195700e-05
8.6495667347e-05
8.7996144430e-05
8.9228909928e-05
9.0148489107e-05
9.0766399808e-05
9.1093388619e-05
9.1178233561e-05
9.1065536253e-05
9.0852125140e-05
9.0590110631e-05
9.0321627795e-05
8.9930632384e-05
8.9279950771e-05
8.8422668341e-05
8.7657914264e-05
8.7364096544e-05
8.7722750322e-05
8.8654225692e-05
9.0044544777e-05
9.1761547083e-05
9.3675153039e-05
9.5754112408e-05
9.8160897323e-05
1.0100869986e-04
1.0406398360e-04
1.0695356468e-04
1.0947739065e-04
1.1162951705e-04
1.1339398770e-04
1.1464957061e-04
1.1542008724e-04
1.1586575420e-04
1.1610142246e-04
1.1617940618e-04
1.1618488497e-04
1.1613537936e-04
1.1608467321e-04
1.1605789769e-04
1.1616248958e-04
1.1672886467e-04
1.1798161722e-04
1.1994219676e-04
1.2247078121e-04
1.2542876357e-04
1.2878706912e-04
1.3254136138e-04
1.3667329040e-04
1.4106546587e-04
1.4551206550e-04
1.4986770111e-04
1.5401723795e-04
1.5792142949e-04
1.6149459407e-04
1.6485605738e-04
1.6820749443e-04
1.7166261387e-04
1.7508101882e-04
1.7852416204e-04
1.8193999131e-04
1.8521353195e-04
1.8832786009e-04
1.9150401931e-04
1.9488799444e-04
1.9856424478e-04
2.0254500851e-04
2.0712237165e-04
2.1254223248e-04
2.1881447174e-04
2.2608057770e-04
2.3429011344e-04
2.4318094074e-04
2.5235436624e-04
2.6174008963e-04
2.7138888254e-04
2.8108592960e-04
2.9039307265e-04
2.9913955950e-04
3.0693566077e-04
3.1382963061e-04
3.1977877370e-04
3.2505928539e-04
3.3022151911e-04
3.3553995308e-04
3.4119962947e-04
3.4799537389e-04
3.5667628981e-04
3.6878083483e-04
3.8478182978e-04
4.0449333028e-04
4.2692405987e-04
4.5111976215e-04
4.7729446669e-04
5.0592666958e-04
5.3835974541e-04
5.7607464259e-04
6.1989849200e-04
6.7084847251e-04
7.2860659566e-04
7.9235638259e-04
8.6151447613e-04
9.3465310056e-04
1.0104851099e-03
1.0878675384e-03
1.1674676789e-03
1.2521054596e-03
1.3434528373e-03
1.4444588451e-03
1.5574778663e-03
1.6862003831e-03
1.8330336316e-03
1.9996729679e-03
2.1876536775e-03
2.3918906227e-03
2.6092105545e-03
2.8411876410e-03
3.0984315090e-03
3.3910044003e-03
3.7179216743e-03
4.0624029934e-03
4.4010821730e-03
4.7134594060e-03
4.9801785499e-03
5.1955040544e-03
5.3807138465e-03
5.5721891113e-03
5.7976283133e-03
6.0592312366e-03
6.3730841503e-03
6.7707453854e-03
7.3055066168e-03
8.0104339868e-03
8.8752377778e-03
9.8357545212e-03
1.0804508813e-02
1.1728977785e-02
1.2626017444e-02
1.3567102142e-02
1.4665307477e-02
1.5991106629e-02
1.7535883933e-02
1.9203126431e-02
2.0954182371e-02
2.3058841005e-02
2.5899996981e-02
2.9813123867e-02
3.4705039114e-02
4.0073897690e-02
4.5444365591e-02
5.0490457565e-02
5.5380158126e-02
6.0974024236e-02
6.9459058344e-02
8.3777636290e-02
1.0715575516e-01
1.4507731795e-01
2.0114870369e-01
2.8477212787e-01
3.9442360401e-01
5.3440469503e-01
7.0513504744e-01
8.7967514992e-01
9.9645960331e-01
9.9686771631e-01
8.8707232475e-01
7.2669494152e-01
5.6976443529e-01
4.3776729703e-01
3.2654684782e-01
2.3945875466e-01
1.7395369709e-01
1.2696383893e-01
9.5144942403e-02
7.4598208070e-02
6.2349621207e-02
5.4886907339e-02
4.9644097686e-02
4.5232597739e-02
4.0732759982e-02
3.5830464214e-02
3.0892882496e-02
2.6571385562e-02
2.3424649611e-02
2.1458342671e-02
2.0293094218e-02
1.9441995770e-02
1.8547587097e-02
1.7396880314e-02
1.5953751281e-02
1.4338834211e-02
1.2654334307e-02
1.0994914919e-02
9.4523038715e-03
8.1077562645e-03
6.9946199656e-03
6.0886978172e-03
5.3657982498e-03
4.7924350947e-03
4.3354006484e-03
3.9641908370e-03
3.6475493107e-03
3.3595794812e-03
3.0819263775e-03
2.8104849625e-03
2.5471961126e-03
2.3040506057e-03
2.0895446651e-03
1.9004541682e-03
1.7270467943e-03
1.5642944491e-03
1.4153145021e-03
1.2876740657e-03
1.1847368442e-03
1.1068006279e-03
1.0484763188e-03
1.0036143940e-03
9.6528325230e-04
9.2878926080e-04
8.9148397092e-04
8.5231411504e-04
8.1256357953e-04
7.7322905418e-04
7.3521665763e-04
6.9883401738e-04
6.6408462590e-04
6.3119444530e-04
5.9945299290e-04
5.6893395958e-04
5.3922017105e-04
5.1022198750e-04
4.8185416381e-04
4.5458288514e-04
4.2968412163e-04
4.0774213267e-04
3.8882432273e-04
3.7256313954e-04
3.5831518471e-04
3.4556639730e-04
3.3412768971e-04
3.2419076888e-04
3.1546392711e-04
3.0786779826e-04
3.0126972706e-04
2.9581185663e-04
2.9103609268e-04
2.8633460170e-04
2.8106561513e-04
2.7485156897e-04
2.6799004991e-04
2.6106141740e-04
2.5443159393e-04
2.4802997359e-04
2.4159449094e-04
2.3501066607e-04
2.2798524878e-04
2.2033657297e-04
2.1236928296e-04
2.0481809042e-04
1.9801832968e-04
1.9187702856e-04
1.8603019998e-04
1.8034147797e-04
1.7482975090e-04
1.6987393610e-04
1.6567885177e-04
1.6219318786e-04
1.5922436432e-04
1.5669639106e-04
1.5472884115e-04
1.5319537488e-04
1.5178446483e-04
1.5027805057e-04
1.4853423636e-04
1.4654060942e-04
1.4412293967e-04
1.4135183301e-04
1.3818264415e-04
1.3460592891e-04
1.3065544772e-04
1.2646189134e-04
1.2221530778e-04
1.1805086979e-04
1.1414932669e-04
1.1069378525e-04
1.0785508493e-04
1.0573555483e-04
1.0428910900e-04
1.0347381613e-04
1.0314588872e-04
1.0327663767e-04
1.0382428445e-04
1.0466632375e-04
1.0568057041e-04
1.0672792268e-04
1.0770174413e-04
1.0837632726e-04
1.0850535909e-04
1.0797825962e-04
1.0681285494e-04
1.0514877067e-04
1.0311689402e-04
1.0090978321e-04
9.8644981335e-05
9.6388685051e-05
9.4177972642e-05
9.2055517598e-05
9.0050365543e-05
8.8175831479e-05
8.6456617282e-05
8.5012288764e-05
8.3976759925e-05
8.3568571426e-05
8.3826256741e-05
8.4733015683e-05
8.5966246843e-05
8.7176587840e-05
8.8088258053e-05
8.8676606538e-05
8.9150067652e-05
8.9643734100e-05
9.0120716777e-05
9.0477085905e-05
9.0419045591e-05
8.9768684120e-05
8.8417524239e-05
8.6537562311e-05
8.4414816229e-05
8.2314392785e-05
