7.9749232100e-05
8.1290694652e-05
8.2997961727e-05
8.4830084234e-05
8.6712643679e-05
8.8482905994e-05
8.9949404355e-05
9.1018686362e-05
9.1679379693e-05
9.1961272119e-05
9.1950096248e-05
9.1713030997e-05
9.1359383077e-05
9.0957037173e-05
9.0557005024e-05
9.0029221610e-05
8.9222412498e-05
8.8209118985e-05
8.7323234766e-05
8.6978674517e-05
8.7375112344e-05
8.8428787421e-05
9.0001092758e-05
9.1906957095e-05
9.3967610155e-05
9.6146090073e-05
9.8633718153e-05
1.0158029909e-04
1.0474292503e-04
1.0772676615e-04
1.1029724556e-04
1.1241971515e-04
1.1408155842e-04
1.1520970293e-04
1.1588280904e-04
1.1626548803e-04
1.1643573816e-04
1.1642506433e-04
1.1633055692e-04
1.1618583812e-04
1.1605190957e-04
1.1596158583e-04
1.1604378233e-04
1.1665058264e-04
1.1800626089e-04
1.2010634237e-04
1.2277255883e-04
1.2582946511e-04
1.2924239854e-04
1.3302496518e-04
1.3720606512e-04
1.4170122449e-04
1.4627403289e-04
1.5072058886e-04
1.5487913333e-04
1.5869709023e-04
1.6212511400e-04
1.6534434690e-04
1.6863191559e-04
1.7212348757e-04
1.7561847926e-04
1.7911316536e-04
1.8249961431e-04
1.8565682694e-04
1.8861031276e-04
1.9164834521e-04
1.9499464543e-04
1.9873106794e-04
2.0282265905e-04
2.0747131202e-04
2.1289373399e-04
2.1910527721e-04
2.2633459594e-04
2.3459114891e-04
2.4364341516e-04
2.5304153678e-04
2.6266276836e-04
2.7250678977e-04
2.8226981522e-04
2.9142163112e-04
2.9980100226e-04
3.0710379360e-04
3.1359528657e-04
3.1933365972e-04
3.2462901436e-04
3.2990906038e-04
3.3527688356e-04
3.4082640195e-04
3.4742994467e-04
3.5602966091e-04
3.6835006904e-04
3.8475447218e-04
4.0478684241e-04
4.2718791519e-04
4.5098934788e-04
4.7666451428e-04
5.0494988682e-04
5.3738156566e-04
5.7544832816e-04
6.1982596526e-04
6.7134824349e-04
7.2960281977e-04
7.9368712613e-04
8.6295156507e-04
9.3584490241e-04
1.0110689327e-03
1.0876482120e-03
1.1664897902e-03
1.2506317580e-03
1.3417408336e-03
1.4426170383e-03
1.5556985745e-03
1.6847857041e-03
1.8324130215e-03
2.0002191886e-03
2.1891631186e-03
2.3933409248e-03
2.6096627116e-03
2.8406821657e-03
3.0984140467e-03
3.3922719304e-03
3.7196804769e-03
4.0625501424e-03
4.3983887881e-03
4.7070384026e-03
4.9693356268e-03
5.1811309531e-03
5.3658559918e-03
5.5602891371e-03
5.7897577062e-03
6.0526081361e-03
6.3672834076e-03
6.7653646693e-03
7.3045557365e-03
8.0136805773e-03
8.8813276961e-03
9.8386248574e-03
1.0801414028e-02
1.1719027534e-02
1.2612809427e-02
1.3556041755e-02
1.4662643895e-02
1.5995141119e-02
1.7537055537e-02
1.9183518365e-02
2.0909745246e-02
2.2993931547e-02
2.5823036209e-02
2.9726400971e-02
3.4592494369e-02
3.9921212941e-02
4.5247044414e-02
5.0255417824e-02
5.5121187121e-02
6.0703106225e-02
6.9169923663e-02
8.3438307047e-02
1.0673044622e-01
1.4449490607e-01
2.0031280816e-01
2.8354471922e-01
3.9289197326e-01
5.3278750181e-01
7.0361536741e-01
8.7846654654e-01
9.9600279331e-01
9.9752712250e-01
8.8859677315e-01
7.2830241919e-01
5.7086741924e-01
4.3822768331e-01
3.2651007175e-01
2.3906122148e-01
1.7340964079e-01
1.2646023929e-01
9.4719626009e-02
7.4202746153e-02
6.2001332641e-02
5.4608855397e-02
4.9462862313e-02
4.5152392238e-02
4.0752664208e-02
3.5914249718e-02
3.0974857509e-02
2.6600735262e-02
2.3387148976e-02
2.1379483864e-02
2.0200811327e-02
1.9354363903e-02
1.8478235230e-02
1.7352871597e-02
1.5937468037e-02
1.4348613098e-02
1.2685278431e-02
1.1041277088e-02
9.5034027472e-03
8.1538632512e-03
7.0297447965e-03
6.1106793582e-03
5.3775156848e-03
4.7970567830e-03
4.3366434984e-03
3.9647659287e-03
3.6493437365e-03
3.3640337642e-03
3.0896626413e-03
2.8206885327e-03
2.5577852502e-03
2.3129263427e-03
2.0968094468e-03
1.9076464232e-03
1.7349853879e-03
1.5720115043e-03
1.4213392278e-03
1.2910364894e-03
1.1853212491e-03
1.1052924674e-03
1.0458045872e-03
1.0008115787e-03
9.6316536656e-04
9.2790817143e-04
8.9191936422e-04
8.5368193686e-04
8.1441138173e-04
7.7532342402e-04
7.3753437027e-04
7.0133106783e-04
6.6659844015e-04
6.3358538318e-04
6.0164189199e-04
5.7101954008e-04
5.4127891781e-04
5.1227363292e-04
4.8380426597e-04
4.5634072740e-04
4.3119996553e-04
4.0893148980e-04
3.8956699427e-04
3.7276837975e-04
3.5805991502e-04
3.4513534047e-04
3.3381019603e-04
3.2414021553e-04
3.1558729825e-04
3.0797143700e-04
3.0123663601e-04
2.9566249577e-04
2.9090416501e-04
2.8636271600e-04
2.8137455229e-04
2.7546950150e-04
2.6883839746e-04
2.6196442195e-04
2.5521035423e-04
2.4861338898e-04
2.4201527413e-04
2.3536825029e-04
2.2834612173e-04
2.2072665161e-04
2.1279146313e-04
2.0525287255e-04
1.9844256167e-04
1.9226437144e-04
1.8637848552e-04
1.8069539510e-04
1.7525196017e-04
1.7041212413e-04
1.6631570179e-04
1.6285717720e-04
1.5982855984e-04
1.5720901138e-04
1.5519055887e-04
1.5367341985e-04
1.5231616271e-04
1.5087171050e-04
1.4919086243e-04
1.4725860092e-04
1.4490493049e-04
1.4220090816e-04
1.3909477275e-04
1.3556100021e-04
1.3160456729e-04
1.2734856864e-04
1.2297494686e-04
1.1862291285e-04
1.1451792670e-04
1.1088699830e-04
1.0793254478e-04
1.0574311455e-04
1.0424566426e-04
1.0338889115e-04
1.0301881412e-04
1.0312145605e-04
1.0367509094e-04
1.0458184988e-04
1.0572504834e-04
1.0693375225e-04
1.0806094360e-04
1.0885200754e-04
1.0906544776e-04
1.0860511975e-04
1.0749507783e-04
1.0587319412e-04
1.0385669884e-04
1.0163756087e-04
9.9327102362e-05
9.6995194326e-05
9.4683367934e-05
9.2434725957e-05
9.0285357146e-05
8.8258813776e-05
8.6398562416e-05
8.4840496129e-05
8.3713115600e-05
8.3254220954e-05
8.3526370872e-05
8.4536761278e-05
8.5927633336e-05
8.7303655164e-05
8.8356413471e-05
8.9074041171e-05
8.9674984338e-05
9.0295921837e-05
9.0874331363e-05
9.1296307801e-05
9.1249319667e-05
9.0548033768e-05
8.9083172497e-05
8.7057167548e-05
8.4791448899e-05
8.2587284851e-05
