8.0253812484e-05
8.1782287452e-05
8.3343758888e-05
8.4887251433e-05
8.6387182819e-05
8.7752756372e-05
8.8868655439e-05
8.9713386842e-05
9.0309913503e-05
9.0659443231e-05
9.0792302217e-05
9.0741792519e-05
9.0598492534e-05
9.0406647359e-05
9.0203931904e-05
8.9881337772e-05
8.9308719907e-05
8.8529443019e-05
8.7825254013e-05
8.7556814833e-05
8.7896565674e-05
8.8766937552e-05
9.0066270786e-05
9.1688838438e-05
9.3528920843e-05
9.5558119938e-05
9.7924486909e-05
1.0072290024e-04
1.0372450924e-04
1.0656696395e-04
1.0906746320e-04
1.1123441800e-04
1.1305020598e-04
1.1436951172e-04
1.1518871906e-04
1.1566589092e-04
1.1593426461e-04
1.1605658074e-04
1.1611205264e-04
1.1611014634e-04
1.1610105867e-04
1.1610605725e-04
1.1622184684e-04
1.1676800204e-04
1.1796929903e-04
1.1986012396e-04
1.2231987785e-04
1.2522841280e-04
1.2855940440e-04
1.3229955221e-04
1.3640691759e-04
1.4074759383e-04
1.4513106726e-04
1.4944125724e-04
1.5358629753e-04
1.5753359185e-04
1.6117934138e-04
1.6461191990e-04
1.6799528385e-04
1.7143216974e-04
1.7481230316e-04
1.7822966038e-04
1.8166017253e-04
1.8499187718e-04
1.8818663375e-04
1.9143185636e-04
1.9483467622e-04
1.9848083321e-04
2.0240618323e-04
2.0694789418e-04
2.1236647444e-04
2.1866906900e-04
2.2595356859e-04
2.3413958843e-04
2.4294971081e-04
2.5201076642e-04
2.6127873571e-04
2.7082991437e-04
2.8049398679e-04
2.8987877886e-04
2.9880885268e-04
3.0685160891e-04
3.1394680263e-04
3.2000133069e-04
3.2527442090e-04
3.3037774847e-04
3.3567150240e-04
3.4138624324e-04
3.4827811760e-04
3.5699960426e-04
3.6899623228e-04
3.8479550858e-04
4.0434658877e-04
4.2679213220e-04
4.5118495473e-04
4.7760945745e-04
5.0641503185e-04
5.3884886438e-04
5.7638779981e-04
6.1993475538e-04
6.7059858702e-04
7.2810851270e-04
7.9169101082e-04
8.6079590255e-04
9.3405722873e-04
1.0101931402e-03
1.0879772017e-03
1.1679565068e-03
1.2528422521e-03
1.3443089556e-03
1.4453796903e-03
1.5583675122e-03
1.6869077226e-03
1.8333438784e-03
1.9993996248e-03
2.1868990734e-03
2.3911653552e-03
2.6089844760e-03
2.8414402623e-03
3.0984401237e-03
3.3903706353e-03
3.7170425057e-03
4.0623294190e-03
4.4024288654e-03
4.7166696750e-03
4.9856002443e-03
5.2026906051e-03
5.3881430067e-03
5.5781388655e-03
5.8015636168e-03
6.0625430197e-03
6.3759847544e-03
6.7734355107e-03
7.3059825227e-03
8.0088116229e-03
8.8721923530e-03
9.8343193531e-03
1.0806056671e-02
1.1733952910e-02
1.2632621452e-02
1.3572632335e-02
1.4666639268e-02
1.5989091247e-02
1.7535297200e-02
1.9212929532e-02
2.0976401865e-02
2.3091295734e-02
2.5938477367e-02
2.9856484383e-02
3.4761313349e-02
4.0150243789e-02
4.5543026179e-02
5.0607975572e-02
5.5509641767e-02
6.1109483242e-02
6.9603621960e-02
8.3947300911e-02
1.0736841708e-01
1.4536853135e-01
2.0156665146e-01
2.8538581729e-01
3.9518940449e-01
5.3521329165e-01
7.0589482784e-01
8.8027942181e-01
9.9668800831e-01
9.9653798342e-01
8.8631010056e-01
7.2589123249e-01
5.6921291351e-01
4.3753713369e-01
3.2656523585e-01
2.3965753615e-01
1.7422573268e-01
1.2721563876e-01
9.5357596874e-02
7.4795939028e-02
6.2523767352e-02
5.5025931448e-02
4.9734715372e-02
4.5272700489e-02
4.0722806007e-02
3.5788573325e-02
3.0851894990e-02
2.6556711644e-02
2.3443398997e-02
2.1497771144e-02
2.0339235663e-02
1.9485812634e-02
1.8582263961e-02
1.7418883741e-02
1.5961892903e-02
1.4333944768e-02
1.2638862245e-02
1.0971733369e-02
9.4267539680e-03
8.0847023055e-03
6.9770575501e-03
6.0777072795e-03
5.3599392995e-03
4.7901240177e-03
4.3347789906e-03
3.9639035240e-03
3.6466522142e-03
3.3573524561e-03
3.0780581292e-03
2.8053834103e-03
2.5419015437e-03
2.2996128537e-03
2.0859120414e-03
1.8968579825e-03
1.7230774974e-03
1.5604359796e-03
1.4123021392e-03
1.2859929120e-03
1.1844446417e-03
1.1075546499e-03
1.0498121846e-03
1.0050156852e-03
9.6634216607e-04
9.2922983458e-04
8.9126633247e-04
8.5163017502e-04
8.1163964933e-04
7.7218184015e-04
7.3405785952e-04
6.9758552127e-04
6.6282774787e-04
6.2999897636e-04
5.9835851425e-04
5.6789116934e-04
5.3819082677e-04
5.0919619389e-04
4.8087912728e-04
4.5370397856e-04
4.2892619967e-04
4.0714745410e-04
3.8845295785e-04
3.7246049033e-04
3.5844280501e-04
3.4578194027e-04
3.3428642200e-04
3.2421606011e-04
3.1540222699e-04
3.0781596433e-04
3.0128625804e-04
2.9588653706e-04
2.9110204196e-04
2.8632051544e-04
2.8091113199e-04
2.7454263181e-04
2.6756586158e-04
2.6060992968e-04
2.5404221378e-04
2.4773826590e-04
2.4138409935e-04
2.3483188124e-04
2.2780480504e-04
2.2014153365e-04
2.1215819288e-04
2.0460068481e-04
1.9780622097e-04
1.9168335712e-04
1.8585605721e-04
1.8016452668e-04
1.7461864627e-04
1.6960484209e-04
1.6536042676e-04
1.6186118592e-04
1.5892226656e-04
1.5644008818e-04
1.5449798957e-04
1.5295634512e-04
1.5151861589e-04
1.4998122060e-04
1.4820593060e-04
1.4618159912e-04
1.4373192971e-04
1.4092728088e-04
1.3772657258e-04
1.3412837870e-04
1.3018088066e-04
1.2601856724e-04
1.2183548097e-04
1.1776484462e-04
1.1396501941e-04
1.1059717508e-04
1.0781635501e-04
1.0573177860e-04
1.0431083501e-04
1.0351627861e-04
1.0320942238e-04
1.0335422849e-04
1.0389888484e-04
1.0470856068e-04
1.0565833509e-04
1.0662500426e-04
1.0752214439e-04
1.0813848348e-04
1.0822531476e-04
1.0766482592e-04
1.0647174349e-04
1.0478655167e-04
1.0274699889e-04
1.0054589075e-04
9.8303920822e-05
9.6085430414e-05
9.3925271358e-05
9.1865920695e-05
8.9932873379e-05
8.8134336693e-05
8.6485648353e-05
8.5098188720e-05
8.4108585725e-05
8.3725753939e-05
8.3976206952e-05
8.4831139247e-05
8.5985549958e-05
8.7113054178e-05
8.7954176706e-05
8.8477885583e-05
8.8887609309e-05
8.9317640231e-05
8.9743909484e-05
9.0067471319e-05
9.0003915830e-05
8.9379012934e-05
8.8084707386e-05
8.6277766968e-05
8.4226499894e-05
8.2177954027e-05
