7.4063973443e-05
7.3737217463e-05
7.3689872806e-05
7.3808500019e-05
7.3953655374e-05
7.4051393312e-05
7.4210700404e-05
7.4468807725e-05
7.4828516517e-05
7.5392570579e-05
7.6327727584e-05
7.7703974966e-05
7.9415418440e-05
8.1292506366e-05
8.3126804384e-05
8.4649938799e-05
8.5597515863e-05
8.5806757852e-05
8.5456034867e-05
8.4913728642e-05
8.4418104962e-05
8.3989434643e-05
8.3601196820e-05
8.3370767243e-05
8.3388367784e-05
8.3654682385e-05
8.4154962678e-05
8.5024366854e-05
8.6392734374e-05
8.8127373601e-05
9.0067471319e-05
9.2154725280e-05
9.4396978966e-05
9.6666226455e-05
9.8761331174e-05
1.0050030687e-04
1.0177147487e-04
1.0260196723e-04
1.0300154827e-04
1.0310241487e-04
1.0301659495e-04
1.0287660552e-04
1.0292068328e-04
1.0321577429e-04
1.0376889986e-04
1.0450468835e-04
1.0564476543e-04
1.0751042282e-04
1.1024030391e-04
1.1374189489e-04
1.1762137729e-04
1.2175935990e-04
1.2607089593e-04
1.3047159882e-04
1.3471627608e-04
1.3846090587e-04
1.4153715165e-04
1.4396193728e-04
1.4584868040e-04
1.4728902897e-04
1.4832415036e-04
1.4914528583e-04
1.4993952936e-04
1.5104474733e-04
1.5261484077e-04
1.5479183639e-04
1.5771543258e-04
1.6162020620e-04
1.6674005019e-04
1.7306978407e-04
1.8037647533e-04
1.8830189947e-04
1.9663608691e-04
2.0530720940e-04
2.1429460321e-04
2.2368579812e-04
2.3322808556e-04
2.4257294717e-04
2.5118424674e-04
2.5862234179e-04
2.6521462132e-04
2.7153515839e-04
2.7820491232e-04
2.8525310336e-04
2.9237256967e-04
2.9969750904e-04
3.0766893178e-04
3.1695840880e-04
3.2772767008e-04
3.4022002365e-04
3.5474702599e-04
3.7120719207e-04
3.8965762360e-04
4.0920378524e-04
4.2872500489e-04
4.4766615611e-04
4.6669275616e-04
4.8703548964e-04
5.0907098921e-04
5.3310120711e-04
5.5986735970e-04
5.9119059006e-04
6.2817666912e-04
6.7196087912e-04
7.2457635542e-04
7.8741612379e-04
8.6057599401e-04
9.4417342916e-04
1.0379628511e-03
1.1416967027e-03
1.2551292311e-03
1.3800262241e-03
1.5185321681e-03
1.6710237833e-03
1.8357400550e-03
2.0109969191e-03
2.1959680598e-03
2.3896943312e-03
2.5948495604e-03
2.8173553292e-03
3.0625367071e-03
3.3327280544e-03
3.6298141349e-03
3.9569926448e-03
4.3221786618e-03
4.7280266881e-03
5.1735849120e-03
5.6454269215e-03
6.1293998733e-03
6.6110594198e-03
7.0744208060e-03
7.5090280734e-03
7.9041961581e-03
8.2527613267e-03
8.5816923529e-03
8.9299296960e-03
9.3658948317e-03
9.9640134722e-03
1.0790640488e-02
1.1915441602e-02
1.3338461518e-02
1.5030518174e-02
1.6880583018e-02
1.8801379949e-02
2.0837014541e-02
2.3094091564e-02
2.5733748451e-02
2.8853543103e-02
3.2541431487e-02
3.7075832486e-02
4.2774293572e-02
4.9954280257e-02
5.8881133795e-02
6.9416128099e-02
8.1877373159e-02
9.6804998815e-02
1.1594063044e-01
1.4380553365e-01
1.8538853526e-01
2.4696731567e-01
3.3839431405e-01
4.5968297124e-01
6.1241632700e-01
7.7853995562e-01
9.2337536812e-01
1.0000000000e+00
9.7975504398e-01
8.7815874815e-01
7.3360723257e-01
5.8351975679e-01
4.4767022133e-01
3.3124405146e-01
2.4092850089e-01
1.7268967628e-01
1.2721791863e-01
9.8911046982e-02
8.2325741649e-02
7.2626791894e-02
6.5229065716e-02
5.8180492371e-02
5.0887782127e-02
4.4018857181e-02
3.8424298167e-02
3.4375850111e-02
3.1492494047e-02
2.9154330492e-02
2.6933612302e-02
2.4589091539e-02
2.2001517937e-02
1.9277531654e-02
1.6545867547e-02
1.3961313292e-02
1.1689125560e-02
9.8544098437e-03
8.4921503440e-03
7.5470530428e-03
6.8696700037e-03
6.3342358917e-03
5.8494801633e-03
5.3631020710e-03
4.8586595803e-03
4.3477313593e-03
3.8628873881e-03
3.4321150742e-03
3.0535699334e-03
2.7163119521e-03
2.4152034894e-03
2.1601270419e-03
1.9590754528e-03
1.8109836383e-03
1.7028106377e-03
1.6145926202e-03
1.5282056993e-03
1.4355513267e-03
1.3382849284e-03
1.2424261076e-03
1.1539540719e-03
1.0758064454e-03
1.0071721626e-03
9.4433559570e-04
8.8474928634e-04
8.2630407996e-04
7.6884019654e-04
7.1439379826e-04
6.6544610308e-04
6.2386627542e-04
5.8892299421e-04
5.5980635807e-04
5.3496734472e-04
5.1231414545e-04
4.9105030484e-04
4.7068597632e-04
4.5196257997e-04
4.3497484876e-04
4.1931567830e-04
4.0452147368e-04
3.9019621909e-04
3.7659151712e-04
3.6378228106e-04
3.5133797792e-04
3.3904195880e-04
3.2694783295e-04
3.1565871905e-04
3.0520997825e-04
2.9494042974e-04
2.8425420169e-04
2.7327344287e-04
2.6257507852e-04
2.5263117277e-04
2.4325180857e-04
2.3459343356e-04
2.2672688647e-04
2.1974436822e-04
2.1324306726e-04
2.0701068570e-04
2.0090633188e-04
1.9501964562e-04
1.8947781064e-04
1.8433843798e-04
1.7935520737e-04
1.7408307758e-04
1.6822994803e-04
1.6209285241e-04
1.5607161913e-04
1.5042423911e-04
1.4531017223e-04
1.4086494048e-04
1.3716463582e-04
1.3414307614e-04
1.3171661703e-04
1.2990683899e-04
1.2878410053e-04
1.2818846153e-04
1.2770324247e-04
1.2696950580e-04
1.2584601063e-04
1.2433875236e-04
1.2252388115e-04
1.2034901010e-04
1.1774023005e-04
1.1460595852e-04
1.1114045628e-04
1.0764688341e-04
1.0439620382e-04
1.0147854482e-04
9.8959149909e-05
9.6919204225e-05
9.5437644632e-05
9.4453309430e-05
9.3914117315e-05
9.3733731774e-05
9.3871771242e-05
9.4276467280e-05
9.4806142442e-05
9.5215524198e-05
9.5269831945e-05
9.4913470093e-05
9.4248622190e-05
9.3306087365e-05
9.2065856734e-05
9.0500732767e-05
8.8663182396e-05
8.6671228928e-05
8.4713130491e-05
8.3046717918e-05
8.1741134636e-05
8.0779238488e-05
8.0139092461e-05
7.9901976278e-05
8.0058351159e-05
8.0449368397e-05
8.0896643340e-05
8.1326295913e-05
8.1675680121e-05
8.1827281974e-05
8.1665944890e-05
8.1214828242e-05
8.0552279542e-05
7.9795288912e-05
7.9043427831e-05
7.8364202636e-05
7.7727534517e-05
7.7062293713e-05
7.6325130067e-05
7.5613381341e-05
7.4981406215e-05
7.4468116509e-05
7.4099894846e-05
7.3872761277e-05
7.3832525231e-05
7.3986811913e-05
