7.9581041064e-05
8.1126832811e-05
8.2882696006e-05
8.4811028501e-05
8.6821135483e-05
8.8726286776e-05
9.0309651569e-05
9.1453788627e-05
9.2135873274e-05
9.2395217507e-05
9.2336027592e-05
9.2036774731e-05
9.1613015684e-05
9.1140500444e-05
9.0674686362e-05
9.0078516223e-05
8.9193643362e-05
8.8102344307e-05
8.7155895017e-05
8.6785956228e-05
8.7201296992e-05
8.8316075562e-05
8.9979366749e-05
9.1979665740e-05
9.4113842351e-05
9.6342082543e-05
9.8870128568e-05
1.0186609870e-04
1.0508239939e-04
1.0811336688e-04
1.1070716573e-04
1.1281480693e-04
1.1442534742e-04
1.1548976909e-04
1.1611416994e-04
1.1646535131e-04
1.1660289601e-04
1.1654788977e-04
1.1640338926e-04
1.1621106387e-04
1.1603552412e-04
1.1591342627e-04
1.1598443234e-04
1.1661143799e-04
1.1801857909e-04
1.2018841517e-04
1.2292346219e-04
1.2602981587e-04
1.2947007781e-04
1.3326677436e-04
1.3747243793e-04
1.4201909653e-04
1.4665503113e-04
1.5114703274e-04
1.5531007375e-04
1.5908492787e-04
1.6244036669e-04
1.6558848438e-04
1.6884411161e-04
1.7235391715e-04
1.7588722403e-04
1.7940766702e-04
1.8277943309e-04
1.8587846716e-04
1.8875153910e-04
1.9172050816e-04
1.9504797820e-04
1.9881447952e-04
2.0296148432e-04
2.0764578949e-04
2.1306949202e-04
2.1925066540e-04
2.2646160505e-04
2.3474165937e-04
2.4387465965e-04
2.5338510750e-04
2.6312409318e-04
2.7306575794e-04
2.8286175802e-04
2.9193592491e-04
3.0013173819e-04
3.0718784546e-04
3.1347814365e-04
3.1911107362e-04
3.2441387884e-04
3.2975283102e-04
3.3514533425e-04
3.4063978819e-04
3.4714723006e-04
3.5570637556e-04
3.6813467159e-04
3.8474079338e-04
4.0493358392e-04
4.2731987196e-04
4.5092415530e-04
4.7634952352e-04
5.0446146633e-04
5.3689244669e-04
5.7513517095e-04
6.1978970189e-04
6.7159807077e-04
7.3010090273e-04
7.9435243970e-04
8.6367008043e-04
9.3644077424e-04
1.0113609023e-03
1.0875385487e-03
1.1660009623e-03
1.2498949654e-03
1.3408848317e-03
1.4416960767e-03
1.5548089286e-03
1.6840783646e-03
1.8321026582e-03
2.0004920661e-03
2.1899177227e-03
2.3940661922e-03
2.6098887902e-03
2.8404293116e-03
3.0984051991e-03
3.3929056954e-03
3.7205601111e-03
4.0626237169e-03
4.3970425613e-03
4.7038276680e-03
4.9639143981e-03
5.1739444025e-03
5.3584268317e-03
5.5543389171e-03
5.7858219370e-03
6.0492963530e-03
6.3643832691e-03
6.7626745440e-03
7.3040802963e-03
8.0153048038e-03
8.8843731210e-03
9.8400600255e-03
1.0799867101e-02
1.1714052409e-02
1.2606205419e-02
1.3550511561e-02
1.4661312103e-02
1.5997158363e-02
1.7537642270e-02
1.9173715264e-02
2.0887527615e-02
2.2961476818e-02
2.5784555823e-02
2.9683040455e-02
3.4536223859e-02
3.9844866842e-02
4.5148383826e-02
5.0137899816e-02
5.4991699755e-02
6.0567643493e-02
6.9025352597e-02
8.3268642426e-02
1.0651778430e-01
1.4420370758e-01
1.9989486039e-01
2.8293099999e-01
3.9212614298e-01
5.3197890520e-01
7.0285558701e-01
8.7786227465e-01
9.9577438831e-01
9.9785685539e-01
8.8935899734e-01
7.2910618782e-01
5.7141894102e-01
4.3845787644e-01
3.2649168372e-01
2.3886245489e-01
1.7313760519e-01
1.2620845437e-01
9.4506971538e-02
7.4005015194e-02
6.1827186495e-02
5.4469831288e-02
4.9372240901e-02
4.5112289488e-02
4.0762618184e-02
3.5956140608e-02
3.1015846878e-02
2.6615409181e-02
2.3368397728e-02
2.1340055391e-02
2.0154669881e-02
1.9310547039e-02
1.8443558365e-02
1.7330868170e-02
1.5929326415e-02
1.4353503473e-02
1.2700751424e-02
1.1064457707e-02
9.5289526507e-03
8.1769172102e-03
7.0473072119e-03
6.1216703616e-03
5.3833746351e-03
4.7993678600e-03
4.3372651562e-03
3.9650537074e-03
3.6502410658e-03
3.3662610222e-03
3.0935306568e-03
2.8257903177e-03
2.5630798191e-03
2.3173640948e-03
2.1004418377e-03
1.9112424925e-03
1.7389546847e-03
1.5758699737e-03
1.4243515907e-03
1.2927177595e-03
1.1856134515e-03
1.1045384454e-03
1.0444687214e-03
9.9941017106e-04
9.6210639458e-04
9.2746765586e-04
8.9213700267e-04
8.5436581867e-04
8.1533531193e-04
7.7637063805e-04
7.3869322659e-04
7.0257956395e-04
6.6785531817e-04
6.3478085212e-04
6.0273631243e-04
5.7206233032e-04
5.4230826208e-04
5.1329948474e-04
4.8477930250e-04
4.5721963397e-04
4.3195788749e-04
4.0952613926e-04
3.8993830094e-04
3.7287099985e-04
3.5793229472e-04
3.4491979750e-04
3.3365146373e-04
3.2411492430e-04
3.1564896926e-04
3.0802327092e-04
3.0122010503e-04
2.9558781534e-04
2.9083818663e-04
2.8637677315e-04
2.8152903542e-04
2.7577843866e-04
2.6926258579e-04
2.6241593878e-04
2.5559976348e-04
2.4890509667e-04
2.4222566572e-04
2.3554703512e-04
2.2852655093e-04
2.2092167637e-04
2.1300255321e-04
2.0547026361e-04
1.9865467038e-04
1.9245802832e-04
1.8655262829e-04
1.8087236094e-04
1.7546307936e-04
1.7068121815e-04
1.6663412680e-04
1.6318917915e-04
1.6013065760e-04
1.5746532881e-04
1.5542141045e-04
1.5391244960e-04
1.5258201165e-04
1.5116852592e-04
1.4951916819e-04
1.4761761122e-04
1.4529591135e-04
1.4262546028e-04
1.3955082977e-04
1.3603853586e-04
1.3207911979e-04
1.2779190729e-04
1.2335476640e-04
1.1890893802e-04
1.1470223399e-04
1.1098360847e-04
1.0797127470e-04
1.0574689077e-04
1.0422394553e-04
1.0334642866e-04
1.0295527318e-04
1.0304386524e-04
1.0360049055e-04
1.0453961295e-04
1.0574728367e-04
1.0703667067e-04
1.0824054334e-04
1.0908985132e-04
1.0934549209e-04
1.0891854618e-04
1.0783618927e-04
1.0623541311e-04
1.0422659398e-04
1.0200145334e-04
9.9668162875e-05
9.7298448964e-05
9.4936061942e-05
9.2624330136e-05
9.0402849310e-05
8.8300301286e-05
8.6369538622e-05
8.4754596173e-05
8.3581297076e-05
8.3097038441e-05
8.3376420662e-05
8.4438630438e-05
8.5908330220e-05
8.7367188826e-05
8.8490494818e-05
8.9272762125e-05
8.9937442681e-05
9.0622015705e-05
9.1251131380e-05
9.1705922387e-05
9.1664449428e-05
9.0937704954e-05
8.9415996626e-05
8.7316962890e-05
8.4979757958e-05
8.2723723608e-05
