7.9917430412e-05
8.1454563770e-05
8.3113227447e-05
8.4849139967e-05
8.6604159151e-05
8.8239525212e-05
8.9589157142e-05
9.0583591373e-05
9.1222893388e-05
9.1527334007e-05
9.1564164904e-05
9.1389279987e-05
9.1105757747e-05
9.0773573902e-05
9.0439309133e-05
8.9979926997e-05
8.9251181635e-05
8.8315893663e-05
8.7490574515e-05
8.7171385530e-05
8.7548927695e-05
8.8541506557e-05
9.0022818767e-05
9.1834255727e-05
9.3821377959e-05
9.5950104878e-05
9.8397307738e-05
1.0129449947e-04
1.0440345068e-04
1.0734016541e-04
1.0988731810e-04
1.1202461610e-04
1.1373777670e-04
1.1492963677e-04
1.1565144814e-04
1.1606561748e-04
1.1626858031e-04
1.1630223162e-04
1.1625771731e-04
1.1616060510e-04
1.1606829503e-04
1.1600974540e-04
1.1610313959e-04
1.1668972002e-04
1.1799393542e-04
1.2002426956e-04
1.2262167002e-04
1.2562911434e-04
1.2901473383e-04
1.3278317056e-04
1.3693967776e-04
1.4138335246e-04
1.4589304919e-04
1.5029414499e-04
1.5444819292e-04
1.5830925258e-04
1.6180986131e-04
1.6510019486e-04
1.6841970501e-04
1.7189304344e-04
1.7534976359e-04
1.7881866370e-04
1.8221981009e-04
1.8543517217e-04
1.8846908642e-04
1.9157618226e-04
1.9494132721e-04
1.9864765636e-04
2.0268383378e-04
2.0729684911e-04
2.1271799051e-04
2.1895987447e-04
2.2620758682e-04
2.3444062390e-04
2.4341218523e-04
2.5269793696e-04
2.6220141444e-04
2.7194785071e-04
2.8167787241e-04
2.9090736643e-04
2.9947029543e-04
3.0701974174e-04
3.1371245859e-04
3.1955621671e-04
3.2484414987e-04
3.3006528975e-04
3.3540843287e-04
3.4101301571e-04
3.4771265928e-04
3.5635297536e-04
3.6856543738e-04
3.8476815098e-04
4.0464007179e-04
4.2705598753e-04
4.5105454046e-04
4.7697947593e-04
5.0543824909e-04
5.3787062643e-04
5.7576148538e-04
6.1986222863e-04
6.7109835800e-04
7.2910467861e-04
7.9302175436e-04
8.6223299149e-04
9.3524903059e-04
1.0107770795e-03
1.0877578752e-03
1.1669787345e-03
1.2513685506e-03
1.3425968355e-03
1.4435378835e-03
1.5565882204e-03
1.6854930436e-03
1.8327232683e-03
1.9999458455e-03
2.1884085145e-03
2.3926158901e-03
2.6094366331e-03
2.8409347869e-03
3.0984226614e-03
3.3916381653e-03
3.7188013084e-03
4.0624765679e-03
4.3997354805e-03
4.7102486715e-03
4.9747573212e-03
5.1883175038e-03
5.3732851520e-03
5.5662388913e-03
5.7936930098e-03
6.0559199192e-03
6.3701840118e-03
6.7680552602e-03
7.3050311767e-03
8.0120582134e-03
8.8782822713e-03
9.8371896893e-03
1.0802961886e-02
1.1724002659e-02
1.2619413435e-02
1.3561571948e-02
1.4663975686e-02
1.5993123874e-02
1.7536470667e-02
1.9193323329e-02
2.0931964740e-02
2.3026386276e-02
2.5861516595e-02
2.9769763350e-02
3.4648768604e-02
3.9997555315e-02
4.5345705003e-02
5.0372935832e-02
5.5250670761e-02
6.0838565230e-02
6.9314487278e-02
8.3607971668e-02
1.0694310069e-01
1.4478611946e-01
2.0073075593e-01
2.8415840864e-01
3.9365777373e-01
5.3359609842e-01
7.0437520742e-01
8.7907081842e-01
9.9623119831e-01
9.9719738960e-01
8.8783454895e-01
7.2749871016e-01
5.7031589746e-01
4.3799749017e-01
3.2652845979e-01
2.3925998807e-01
1.7368167639e-01
1.2671203911e-01
9.4932280481e-02
7.4400477111e-02
6.2175475061e-02
5.4747883230e-02
4.9553479999e-02
4.5192494988e-02
4.0742710233e-02
3.5872355103e-02
3.0933870003e-02
2.6586061344e-02
2.3405898362e-02
2.1418912336e-02
2.0246952772e-02
1.9398178905e-02
1.8512912095e-02
1.7374876887e-02
1.5945609659e-02
1.4343723655e-02
1.2669806369e-02
1.1018095538e-02
9.4778528437e-03
8.1308092922e-03
7.0121823810e-03
6.0996888205e-03
5.3716567345e-03
4.7947457060e-03
4.3360218406e-03
3.9644786157e-03
3.6484466400e-03
3.3618067391e-03
3.0857943930e-03
2.8155867476e-03
2.5524906814e-03
2.3084885906e-03
2.0931770559e-03
1.9040502375e-03
1.7310160911e-03
1.5681529185e-03
1.4183268650e-03
1.2893553358e-03
1.1850290466e-03
1.1060464894e-03
1.0471404530e-03
1.0022129864e-03
9.6422428032e-04
9.2834874522e-04
8.9170166757e-04
8.5299799684e-04
8.1348750973e-04
7.7427626820e-04
7.3637551395e-04
7.0008251350e-04
6.6534150392e-04
6.3238991424e-04
6.0054741334e-04
5.6997674983e-04
5.4024951532e-04
5.1124783931e-04
4.8282920034e-04
4.5546179172e-04
4.3044204358e-04
4.0833681123e-04
3.8919562940e-04
3.7266575964e-04
3.5818756442e-04
3.4535088344e-04
3.3396895742e-04
3.2416550675e-04
3.1552559813e-04
3.0791963218e-04
3.0125319608e-04
2.9573717620e-04
2.9097011429e-04
2.8634865885e-04
2.8122009826e-04
2.7516053524e-04
2.6841420913e-04
2.6151293423e-04
2.5482097408e-04
2.4832168128e-04
2.4180488253e-04
2.3518946546e-04
2.2816567798e-04
2.2053161229e-04
2.1258037305e-04
2.0503548149e-04
1.9823043840e-04
1.9207070000e-04
1.8620434275e-04
1.8051844381e-04
1.7504085554e-04
1.7014303012e-04
1.6599727678e-04
1.6252518981e-04
1.5952646208e-04
1.5695270849e-04
1.5495970729e-04
1.5343439009e-04
1.5205031377e-04
1.5057488054e-04
1.4886254212e-04
1.4689960517e-04
1.4451392053e-04
1.4177637058e-04
1.3863870117e-04
1.3508346456e-04
1.3113000023e-04
1.2690522999e-04
1.2259512732e-04
1.1833688768e-04
1.1433362670e-04
1.1079039541e-04
1.0789381486e-04
1.0573933832e-04
1.0426739027e-04
1.0343135364e-04
1.0308234778e-04
1.0319904686e-04
1.0374968406e-04
1.0462408682e-04
1.0570280574e-04
1.0683084110e-04
1.0788134387e-04
1.0861417104e-04
1.0878540343e-04
1.0829168605e-04
1.0715396638e-04
1.0551098239e-04
1.0348679643e-04
1.0127367568e-04
9.8986041849e-05
9.6691939689e-05
9.4430666650e-05
9.2245121778e-05
9.0167857707e-05
8.8217318989e-05
8.6427593487e-05
8.4926396084e-05
8.3844941400e-05
8.3411396190e-05
8.3676313807e-05
8.4634884843e-05
8.5946943727e-05
8.7240121502e-05
8.8222332124e-05
8.8875320216e-05
8.9412525995e-05
8.9969827968e-05
9.0497524070e-05
9.0886693215e-05
9.0834182629e-05
9.0158362582e-05
8.8750348368e-05
8.6797364929e-05
8.4603132564e-05
8.2450838818e-05
