  8.0169716966e-05
  8.1700360170e-05
  8.3286126028e-05
  8.4877727204e-05
  8.6441425083e-05
  8.7874454039e-05
  8.9048779046e-05
  8.9930937975e-05
  9.0538153017e-05
  9.0876412287e-05
  9.0985267889e-05
  9.0903668024e-05
  9.0725305199e-05
  9.0498375357e-05
  9.0262779850e-05
  8.9905988716e-05
  8.9294335339e-05
  8.8476052042e-05
  8.7741587777e-05
  8.7460459326e-05
  8.7809654360e-05
  8.8710577984e-05
  9.0055407782e-05
  9.1725189122e-05
  9.3602036941e-05
  9.5656112535e-05
  9.8042692116e-05
  1.0086580005e-04
  1.0389424278e-04
  1.0676026432e-04
  1.0927242693e-04
  1.1143196753e-04
  1.1322209320e-04
  1.1450953753e-04
  1.1530440679e-04
  1.1576581892e-04
  1.1601784354e-04
  1.1611798982e-04
  1.1614846881e-04
  1.1612276285e-04
  1.1609286594e-04
  1.1608198110e-04
  1.1619216821e-04
  1.1674842972e-04
  1.1797545449e-04
  1.1990116036e-04
  1.2239532953e-04
  1.2532858818e-04
  1.2867322948e-04
  1.3242046407e-04
  1.3654011127e-04
  1.4090652985e-04
  1.4532156638e-04
  1.4965447190e-04
  1.5380176774e-04
  1.5772751067e-04
  1.6133696772e-04
  1.6473398136e-04
  1.6810139641e-04
  1.7154739180e-04
  1.7494666099e-04
  1.7837691121e-04
  1.8180007464e-04
  1.8510270456e-04
  1.8825725419e-04
  1.9146793056e-04
  1.9486133533e-04
  1.9852253899e-04
  2.0247559587e-04
  2.0703513292e-04
  2.1245435346e-04
  2.1874177037e-04
  2.2601707315e-04
  2.3421485093e-04
  2.4306532578e-04
  2.5218256633e-04
  2.6150941267e-04
  2.7110939845e-04
  2.8078994364e-04
  2.9013594030e-04
  2.9897419154e-04
  3.0689363484e-04
  3.1388821662e-04
  3.1989006675e-04
  3.2516685314e-04
  3.3029963379e-04
  3.3560572774e-04
  3.4129293635e-04
  3.4813673119e-04
  3.5683793249e-04
  3.6888854811e-04
  3.8478866918e-04
  4.0441995952e-04
  4.2685808148e-04
  4.5115235844e-04
  4.7745197662e-04
  5.0617085071e-04
  5.3860427579e-04
  5.7623122120e-04
  6.1991659459e-04
  6.7072355887e-04
  7.2835758328e-04
  7.9202372581e-04
  8.6115516024e-04
  9.3435519375e-04
  1.0103391251e-03
  1.0879223701e-03
  1.1677120347e-03
  1.2524737976e-03
  1.3438808965e-03
  1.4449192677e-03
  1.5579226892e-03
  1.6865540529e-03
  1.8331886968e-03
  1.9995362964e-03
  2.1872764919e-03
  2.3915281054e-03
  2.6090976316e-03
  2.8413140681e-03
  3.0984359328e-03
  3.3906875178e-03
  3.7174820900e-03
  4.0623662062e-03
  4.4017555192e-03
  4.7150645405e-03
  4.9828891642e-03
  5.1990975626e-03
  5.3844284266e-03
  5.5751637556e-03
  5.7995961979e-03
  6.0608871281e-03
  6.3745346852e-03
  6.7720906809e-03
  7.3057445697e-03
  8.0096228048e-03
  8.8737150654e-03
  9.8350374028e-03
  1.0805282742e-02
  1.1731465347e-02
  1.2629319914e-02
  1.3569867238e-02
  1.4665973373e-02
  1.5990098938e-02
  1.7535589635e-02
  1.9208027050e-02
  2.0965291187e-02
  2.3075068370e-02
  2.5919236243e-02
  2.9834805056e-02
  3.4733176231e-02
  4.0112070739e-02
  4.5493695885e-02
  5.0549216568e-02
  5.5444899946e-02
  6.1041753739e-02
  6.9531336427e-02
  8.3862468600e-02
  1.0726208985e-01
  1.4522293210e-01
  2.0135767758e-01
  2.8507897258e-01
  3.9480650425e-01
  5.3480899334e-01
  7.0551490784e-01
  8.7997728586e-01
  9.9657380581e-01
  9.9670284986e-01
  8.8669121265e-01
  7.2629308701e-01
  5.6948864460e-01
  4.3765220046e-01
  3.2655605674e-01
  2.3955814540e-01
  1.7408971488e-01
  1.2708973885e-01
  9.5251269639e-02
  7.4697069824e-02
  6.2436692417e-02
  5.4956417531e-02
  4.9689408392e-02
  4.5252650976e-02
  4.0727782995e-02
  3.5809516907e-02
  3.0872387812e-02
  2.6564048603e-02
  2.3434024304e-02
  2.1478056908e-02
  2.0316164941e-02
  1.9463904202e-02
  1.8564926460e-02
  1.7407881096e-02
  1.5957821161e-02
  1.4336389489e-02
  1.2646597810e-02
  1.0983323678e-02
  9.4395289198e-03
  8.0962292850e-03
  6.9858385250e-03
  6.0832025483e-03
  5.3628687747e-03
  4.7912793234e-03
  4.3350895867e-03
  3.9640469477e-03
  3.6471006460e-03
  3.3584658522e-03
  3.0799922533e-03
  2.8079340700e-03
  2.5445488282e-03
  2.3018317297e-03
  2.0877283532e-03
  1.8986560171e-03
  1.7250621459e-03
  1.5623652143e-03
  1.4138083206e-03
  1.2868334306e-03
  1.1845907429e-03
  1.1071775807e-03
  1.0491441935e-03
  1.0043150978e-03
  9.6581270918e-04
  9.2900951859e-04
  8.9137518080e-04
  8.5197214503e-04
  8.1210158532e-04
  7.7270541806e-04
  7.3463725857e-04
  6.9820974022e-04
  6.6345621599e-04
  6.3059671083e-04
  5.9890578268e-04
  5.6841259357e-04
  5.3870549891e-04
  5.0970911980e-04
  4.8136664554e-04
  4.5414344640e-04
  4.2930516065e-04
  4.0744480793e-04
  3.8863864029e-04
  3.7251182948e-04
  3.5837898031e-04
  3.4567416878e-04
  3.3420705586e-04
  3.2420342905e-04
  3.1543307705e-04
  3.0784186674e-04
  3.0127799255e-04
  2.9584919685e-04
  2.9106906732e-04
  2.8632755857e-04
  2.8098837356e-04
  2.7469711495e-04
  2.6777794119e-04
  2.6083568810e-04
  2.5423688930e-04
  2.4788410519e-04
  2.4148929515e-04
  2.3492127366e-04
  2.2789502691e-04
  2.2023906058e-04
  2.1226373792e-04
  2.0470938762e-04
  1.9791227533e-04
  1.9178020011e-04
  1.8594312132e-04
  1.8025300233e-04
  1.7472419131e-04
  1.6973938909e-04
  1.6551963927e-04
  1.6202717961e-04
  1.5907331544e-04
  1.5656823234e-04
  1.5461341536e-04
  1.5307586000e-04
  1.5165154764e-04
  1.5012963559e-04
  1.4837009076e-04
  1.4636109699e-04
  1.4392743469e-04
  1.4113954967e-04
  1.3795460109e-04
  1.3436716108e-04
  1.3041816419e-04
  1.2624022202e-04
  1.2202539074e-04
  1.1790785356e-04
  1.1405716941e-04
  1.1064548016e-04
  1.0783571634e-04
  1.0573367035e-04
  1.0429997201e-04
  1.0349504737e-04
  1.0317765555e-04
  1.0331543308e-04
  1.0386158829e-04
  1.0468744586e-04
  1.0566945275e-04
  1.0667646711e-04
  1.0761194426e-04
  1.0825740173e-04
  1.0836534057e-04
  1.0782154277e-04
  1.0664229922e-04
  1.0496765753e-04
  1.0293194646e-04
  1.0072783334e-04
  9.8474454717e-05
  9.6237054095e-05
  9.4051625638e-05
  9.1960719146e-05
  8.9991619461e-05
  8.8155080448e-05
  8.6471132818e-05
  8.5055238742e-05
  8.4042672825e-05
  8.3647166321e-05
  8.3901235485e-05
  8.4782077465e-05
  8.5975894763e-05
  8.7144821009e-05
  8.8021217380e-05
  8.8577246061e-05
  8.9018838480e-05
  8.9480687166e-05
  8.9932313131e-05
  9.0272274974e-05
  9.0211477072e-05
  8.9573848527e-05
  8.8251115812e-05
  8.6407664639e-05
  8.4320658061e-05
  8.2246173406e-05
